                                                   The FREQ Procedure

                                    Cumulative    Cumulative
birth5    Frequency    Percent     Frequency      Percent
---------------------------------------------------------------
1947              2     20.00            2        20.00
1952              3     30.00            5        50.00
1962              1     10.00            6        60.00
1967              1     10.00            7        70.00
1972              1     10.00            8        80.00
1977              1     10.00            9        90.00
1997              1     10.00           10       100.00

                                     Cumulative    Cumulative
agecat5    Frequency    Percent     Frequency      Percent
----------------------------------------------------------------
1                  1     10.00            1        10.00
2                  1     10.00            2        20.00
3                  1     10.00            3        30.00
5                  1     10.00            4        40.00
6                  2     20.00            6        60.00
7                  1     10.00            7        70.00
8                  1     10.00            8        80.00
9                  1     10.00            9        90.00
10                 1     10.00           10       100.00

                                      Cumulative    Cumulative
agecat10    Frequency    Percent     Frequency      Percent
-----------------------------------------------------------------
2                   2     20.00            2        20.00
3                   1     10.00            3        30.00
4                   3     30.00            6        60.00
5                   2     20.00            8        80.00
6                   1     10.00            9        90.00
7                   1     10.00           10       100.00
                                                  The MEANS Procedure

 Variable        N             Mean         Std Dev          Minimum          Maximum
 ------------------------------------------------------------------------------------
 age            10       44.8000000      15.2300872       22.0000000       70.0000000
 age_c          10        0.8000000      15.2300872      -22.0000000       26.0000000
 age_c2         10      209.4000000     231.0907470        1.0000000      676.0000000
 birth          10     1962.0000000      15.8043595     1945.0000000     1995.0000000
 ------------------------------------------------------------------------------------
